title
Portal 2
Hades
Outer Wilds
